-9206452
-15908827
-13093600
-12560340
-14602728
-14667242
-8818863
-9406643
-5927255
-14734307
-9082830
-14075609
-9343125
-5789801
-14538221
-12831987
-15327474
-7911116
-13740009
-3095851
-9278625
-8619936
-8090748
-14272727
-15187434
-14800360
-13285086
-9144233
-15188960
-14212338
-15321317
-10659992
-15451630
-11118777
-9601696
-8227706
-13614802
-8948613
-10591951
-9799586
-14604525
-10062498
-8947888
-11114180
-8087684
-8677533
-10325925
-7833257
-14998509
-8423305
-14933229
-14668264
-13681109
-11837883
-14476774
-14141938
-13285084
-14274021
-7240082
-11177670
-10059446
-11716819
-8090261
-14865893
-13483993
-15063273
-7044475
-13813476
-6443364
-4670527
-9870762
-8616343
-14604783
-14336230
-13014699
-13349863
-10066096
-6055263
-8551601
-10120409
-14663924
-11563171
-2248251
-9010361
-14735850
-7762569
-9410720
-13025464
-15718896
-8879508
-10593470
-14599407
-7962496
-14665976
-2698548
-5987435
-15326703
-11587050
-12899563
-14805232
-9465268
-9209239
-7891545
-8296388
-14797545
-15257329
-16248059
-14142687
-9275801
-9665957
-11312572
-12031966
-13679321
-8619662
-15063536
-9795232
-13286603
-9539233
-13619933
-13411793
-7787390
-9265315
-13280231
-10127029
-12955881
-13812450
-14071276
-9411472
-7969651
-4084561
-13943535
-14339788
-14076397
-14073319
-7171168
-12562650
-12762836
-11115478
-14662637
-13749216
-15195637
-13681384
-13810928
-8029830
-14079471
-15127266
-14468839
-8812417
-8489378
-8752801
-8557177
-15261941
-10326210
-9072556
-13744856
-9275295
-16317432
-13420516
-12566224
-12756687
-15851768
-8551615
-9802681
-14468072
-9734047
-14082028
-8359819
-9598603
-9616036
-11517391
-9404824
-14535399
-10197908
-15129322
-13486041
-10068120
-14998252
-14669029
-9605540
-10861779
-10195090
-15130096
-7680034
-8030121
-10461080
-14337008
-8617358
-12236231
-14337256
-8488309
-10070703
-9267347
-9868722
-12828146
-14144500
-14539507
-9802669
-15187177
-15592691
-10325427
-14730740
-11495591
-9662874
-9735594
-12962010
-14798315
-12305364
-7968129
-10067586
-11246510
-9269692
-14733285
-10004343
-13350105
-8688778
-14672093
-13744355
-13143520
-14802160
-9210770
-13220816
-9675175
-6316629
-15130612
-10134456
-15192821
-14405609
-10393269
-8889735
-14014201
-13406950
-13291995
-9076376
-15262190
-14474740
-9401777
-9478291
-4804981
-9805459
-10975419
-11060120
-14797040
-4604249
-4867923
-11178688
-14471914
-14932712
-13428456
-15126001
-14871025
-14012375
-15395050
-14935800
-4317079
-7436156
-16185338
-8358585
-5002072
-9998296
-5135276
-5207197
-15591159
-9733315
-15393785
-14934772
-4667522
-11184829
-15788797
-8495042
-12498635
-1777580
-13943793
-6112387
-6774451
-10392253
-8559041
-4023980
-12698807
-13882347
-8946585
-13881585
-9157307
-15921656
-14998002
-13027277
-13684183
-5670828
-15461360
-13423085
-10063058
-14540520
-14738425
-5596523
-2435400
-12110297
-14671582
-15987959
-15792117
-3090741
-2105401
-8486817
-13944544
-9211059
-7105454
-15590392
-11179743
-13419732
-14541553
-13422283
-15987963
-5721249
-15327991
-10198435
-16249852
-2968172
-14802402
-13484766
-10657215
-12958179
-10787544
-14605816
-15067385
-15726316
-15462904
-14013921
-2905977
-13035238
-9945530
-11446993
-7498932
-15198709
-3102544
-10131896
-15460847
-16315130
-11904984
-15066362
-13878460
-10392746
-15262711
-15128819
-15528952
-14279659
-8351678
-16250873
-15395831
-15325168
-15922165
-10131115
-7763576
-10591419
-10922145
-15003640
-14996713
-14540535
-4471678
-10453448
-10391233
-15461101
-8291768
-10674911
-7119006
-16051956
-14799587
-8873428
-15656425
-15658995
-15266030
-16184314
-7765657
-15921147
-15988220
-12890847
-8031657
-13682657
-14008046
-5005904
-16051449
-5561808
-14863607
-14606570
-7174515
-14928095
-10197687
-16053749
-14605785
-13746140
-3421050
-3420813
-8158335
-10722207
-13487569
-13620726
-13092302
-7433379
-11248327
-16511218
-4538747
-2831416
-12957339
-14802401
-14671865
-11636200
-13610694
-11115948
-12302037
-11517159
-14010600
-14673907
-4342160
-4482669
-10922713
-10199709
-14013677
-13420247
-14999026
-14409184
-8163208
-12627407
-15985395
-13421521
-14409461
-4802708
-7106766
-7106422
-15198961
-1719393
-4424083
-13620956
-9417402
-15330294
-11115474
-10459337
-15463674
-16054265
-8949392
-11447995
-10393805
-15591157
-15659768
-14410227
-14211041
-7708845
-8164781
-4876439
-1218387
-15657969
-5792351
-12502983
-2510354
-12367819
-9416094
-9216953
-13227492
-1151346
-16118777
-2106658
-7376013
-332557
-8423096
-14083051
-10270930
-2673895
-2327145
-11449060
-9996953
-8949897
-5393993
-15460592
-14804446
-12375509
-3695162
-10985381
-13359057
-4109931
-3305562
-15528438
-13754862
-15330535
-15389682
-10599093
-1154639
-11184555
-11911625
-2598263
-4874070
-9413798
-15329264
-2996113
-1088578
-16251385
-4474683
-13361134
-13489370
-7105621
-14872561
-1778209
-12358624
-759367
-12899296
-2040101
-4607560
-1839373
-10994113
-5417874
-9495004
-1090199
-4282177
-15922164
-3626064
-13819093
-5145711
-14606829
-4275771
-5328973
-6654594
-9933266
-15264236
-13946090
-3422776
-10000021
-8779227
-13617371
-2369318
-13692642
-14337502
-6014342
-12176082
-6130869
-9803674
-2049091
-4607824
-12634858
-12044261
-14743544
-16055805
-12696281
-12899038
-8233151
-3358772
-14077641
-15530230
-14009823
-2611380
-12041158
-14343398
-1387803
-3200879
-8688007
-12826603
-11454173
-15464693
-15858679
-607587
-14996700
-15722734
-13816287
-9539245
-10075605
-15592947
-15525097
-10216423
-11136462
-9103589
-11914462
-14607598
-5420164
-8779497
-6992525
-3135878
-1802063
-16119800
-13289187
-8669110
-14015200
-11514827
-4936784
-14868972
-8289707
-15201011
-4124892
-12896719
-3178307
-12890565
-12245223
-13026291
-5133883
-8880042
-5018967
-13228778
-15004921
-5676913
-1713701
-4316622
-10199967
-8688812
-10132173
-1195734
-2271674
-3033798
-14801634
-2218481
-15393513
-14927347
-3700728
-14017779
-2970096
-1288956
-5431015
-14274804
-1612456
-5425652
-5039075
-2456816
-4506866
-16378364
-3764897
-10649082
-2730226
-1488357
-4222694
-5020143
-751350
-7790826
-1289713
-10657262
-6262464
-4815860
-1535669
-1484005
-2257370
-2267606
-14209012
-10857421
-14342126
-1608677
-2793934
-3630275
-2336500
-3359214
-8689648
-2202078
-15132150
-1854658
-13802981
-7466483
-8290713
-12236773
-10841784
-6249074
-2567566
-2652403
-15593210
-1682672
-3302631
-2605040
-5994736
-2204396
-14799093
-4709333
-2703018
-8821989
-5532647
-4893408
-6513266
-6592495
-3428530
-10516443
-2011090
-9211587
-1132527
-14133993
-4219541
-1742833
-3457009
-4214424
-2148852
-10190426
-1751276
-9142969
-4480623
-7441140
-10857938
-11305686
-1425361
-3593460
-9148064
-1286639
-1056105
-9796053
-2605541
-10456005
-14531292
-12432105
-1681648
-1948375
-1466096
-5360627
-1537262
-8870572
-2732501
-7233472
-1354228
-1922524
-2047967
-6983897
-1353167
-13217766
-7236226
-2577542
-11835354
-1335274
-1468407
-11315158
-4498171
-8285130
-2541019
-9535709
-1462495
-1811179
-1078506
-14474480
-15328503
-1477091
-15197690
-14012412
-3130599
-15986429
-3043740
-3847409
-1743094
-1879538
-3172044
-5825771
-4880275
-4234971
-1756133
-1195193
-10458315
-12364272
-1676273
-5469165
-3303389
-4042729
-14338797
-11437991
-3307246
-4301817
-873457
-2933752
-3127289
-10852056
-3813986
-3391222
-12563429
-1604340
-3261381
-10853590
-12355809
-2728437
-3979245
-13622765
-1678835
-12033513
-4576249
-3616090
-1884123
-1853168
-13155569
-13028300
-14537207
-14802163
-1339636
-4139163
-1994735
-14205433
-5087466
-3893396
-4977146
-1669612
-14012388
-3026251
-3952562
-13883126
-14147321
-7613261
-14669031
-14077163
-13812703
-14935536
-14342892
-14076147
-2631257
-14079983
-15129064
-7636158
-5855089
-13753064
-14013425
-15065333
-15196654
-4012648
-13683439
-12434385
-14931690
-4210796
-8490184
-4348335
-15263478
-2173274
-13544660
-15987451
-13882081
-7175886
-14274804
-6385629
-11118811
-13882088
-13619168
-5986919
-8287714
-15066093
-14602481
-8027602
-6190821
-8094140
-15921397
-15066350
-6582987
-4744901
-8027852
-16374238
-2041167
-5928394
-2828612
-13554154
-8155755
-14998251
-14803698
-13155022
-2041443
-8619950
-7895733
-9798535
-13553380
-3027074
-7768768
-14669561
-8028350
-7898070
-13683941
-14928587
-15131120
-6839977
-14405331
-15782348
-14934520
-10919109
-14801648
-6052965
-14599655
-15388398
-7170478
-8092804
-9015187
-14730717
-9538751
-4935268
-6189998
-16382714
-4871645
-15393267
-13614047
-15655925
-14602214
-15128560
-8750471
-15459316
-2567482
-14213614
-3950981
-14537963
-13154530
-9606318
-14606828
-15524856
-15589876
-8815782
-15855858
-8484317
-15656956
-14078945
-14541801
-4211318
-15329523
-14473959
-5134785
-14407146
-14997984
-12498653
-14340583
-15922168
-15590127
-5598943
-6640586
-7634078
-13881076
-8487830
-16439499
-15985906
-5517619
-14998771
-14538233
-7112655
-15394548
-14802154
-13419746
-8090226
-15328247
-8551153
-15592432
-14934516
-13745100
-15785722
-12957401
-9212085
-2370907
-7110306
-15459066
-14011607
-15526639
-12695508
-13814004
-15261688
-13814757
-1840951
-14737131
-7305691
-11777723
-14736118
-3094091
-2172743
-11044566
-14735093
-6441808
-3816012
-11713758
-11187660
-1587436
-13681907
-14011378
-14801144
-2972911
-9032175
-6411756
-12038857
-11320797
-11772619
-12040660
-13683691
-13813998
-10263999
-9083084
-9673403
-10405878
-13352431
-10070982
-12043741
-11319512
-14210546
-13818608
-1063915
-12567011
-8487831
-4446943
-13483761
-14342134
-6023139
-11586269
-3917281
-12696027
-11577800
-10461633
-2521831
-12105440
-10330831
-3385311
-4051434
-12171241
-11973862
-10458330
-14599666
-4970708
-11646675
-11185883
-12698599
-11844586
-11189985
-13358322
-11781344
-1593831
-11580373
-1856998
-10790334
-10067381
-14210033
-11182030
-10136779
-12629730
-4774361
-13750513
-8230580
-3792613
-5038054
-13085146
-12890591
-8545941
-5169372
-5691347
-13092069
-2189294
-12370906
-11838932
-3507951
-11379650
-11317180
-12038867
-13548523
-11048898
-2318822
-14075626
-11644607
-5101780
-4903885
-11122641
-12830945
-9089246
-10128070
-4776422
-4711657
-4176624
-10793421
-11449813
-3786459
-3049451
-3662305
-9610164
-13748449
-13544919
-12432601
-7704554
-2575064
-14274030
-12755149
-9339596
-10990810
-3922396
-4311247
-1730278
-11182565
-11576291
-8165071
-5673698
-4772832
-13611752
-9138083
-12232679
-7901403
-13681646
-10657757
-9603015
-11776229
-5163750
-13025523
-4314090
-12368881
-8944587
-1859304
-2530541
-12038638
-9274317
-2515170
-4888053
-2321899
-11130103
-13552369
-6331885
-13283040
-3775466
-2851817
-2116848
-6837157
-7755957
-9600190
-13416681
-13485543
-12826857
-11840486
-11775716
-3123430
-11441108
-4643037
-4447966
-9610211
-10391764
-12891370
-11180765
-10327781
-13617629
-10919385
-12825310
-13093862
-12698341
-11320041
-13943278
-14599917
-6521257
-10129613
-2067944
-13683441
-8094914
-6589900
-11972845
-11711724
-3198962
-3325420
-6260192
-3431892
-11517676
-12763640
-9612527
-2714599
-12367857
-13420276
-12632310
-9338058
-9273038
-6709155
-13678314
-15854840
-7962495
-15264247
-12046056
-15983596
-8030879
-13952751
-10524086
-9736402
-12963035
-14337777
-7835554
-16316410
-2810358
-15592440
-2927041
-2285797
-13552097
-14275560
-12564431
-14081259
-15195120
-9675202
-14932204
-3059138
-15263731
-13356770
-14277351
-3428007
-9342405
-1214828
-4514506
-4617430
-1404997
-4222303
-14212327
-12965099
-7175111
-15067387
-6325377
-10864877
-14867934
-9296883
-12958188
-8818600
-12828630
-14929891
-5346981
-11254992
-15196653
-13428714
-7693984
-4116942
-12764882
-6660790
-13559786
-11770323
-13100789
-14931448
-14737902
-13624817
-14079204
-7837616
-13361131
-4477844
-9544642
-14739187
-11652313
-3643837
-12828623
-13619698
-5956246
-10528965
-13818091
-9154495
-12101079
-12244449
-14933743
-14935789
-6724538
-14407659
-12366793
-14733282
-3128987
-5802487
-14670316
-13482965
-9481910
-10593714
-14872818
-13879026
-15530235
-9870279
-11248600
-7233183
-13950701
-13164518
-9861567
-1659955
-13355747
-10205357
-11385295
-9405876
-10654399
-6384244
-11047882
-11780059
-2537622
-12762842
-12771822
-2849412
-10411491
-12834026
-4740748
-14735327
-1878402
-4037599
-6315909
-2799224
-8440993
-14278117
-13485026
-14872060
-6092011
-14470886
-10855092
-7563102
-15395572
-13815509
-3289749
-7644861
-13620967
-15655916
-4801361
-3955604
-2439026
-8423092
-15988463
-11585249
-3354480
-15261940
-4319950
-14345189
-1603396
-1869670
-14085618
-3777472
-2383056
-8164524
-12835562
-13749219
-14213100
-8121573
-14408433
-14867181
-14999791
-2184928
-8625609
-11384779
-14600925
-13685222
-4448959
-12499945
-8102328
-12763352
-3619131
-13875670
-15789558
-12632030
-15592183
-9151170
-12035270
-13222615
-12698063
-6575700
-14006502
-6443599
-10587859
-7893402
-15258359
-5589325
-6378583
-6904670
-14736359
-15655676
-7434920
-14602736
-12694498
-3990469
-4579775
-3534540
-14010857
-12893415
-13556983
-3926979
-4779494
-12832993
-14672123
-13815027
-14738935
-4846828
-3468512
-3403745
-3993831
-13882613
-3469544
-3666386
-12241910
-11917046
-11519467
-12432846
-4169046
-15393777
-12171216
-13485537
-9207460
-4427852
-4026929
-5664826
-11309742
-10716575
-12630759
-4648927
-3206885
-13032693
-4057570
-2027742
-15395323
-12501477
-13815796
-3663844
-15263227
-13024236
-12439535
-6185547
-10324903
-4615215
-9687239
-12570095
-4255978
-15328763
-15592697
-15592440
-14999801
-12037088
-14472949
-6972551
-13616626
-14999289
-5196655
-14670329
-13419762
-14343663
-14144242
-14275311
-13156594
-12827369
-15327995
-14474734
-14275322
-13748722
-13485552
-14736118
-13684715
-15196666
-14407922
-14341112
-14144504
-13223664
-13947891
-14144499
-13420776
-12828386
-5066097
-13881081
-15065083
-13289198
-13222890
-11512537
-11973342
-14277111
-14276344
-14541040
-14867961
-14343159
-14999799
-15132409
-14670837
-13683945
-12039132
-13751775
-14077936
-14867448
-15526394
-11578071
-14538742
-10063818
-15526900
-13751781
-5261921
-4933472
-13684456
-11907035
-13617651
-14277621
-13816303
-14934262
-13949419
-14737654
-14277106
-13554664
-5328744
-13685999
-14212595
-13817079
-14410225
-15131637
-14870257
-15460859
-14802165
-11512791
-15460601
-10196941
-13686242
-14869490
-15395574
-14341362
-14473209
-11580881
-13816810
-10261199
-14343153
-14407921
-14605551
-14473449
-15066101
-10327988
-13815020
-9670071
-13617646
-5851978
-5984084
-14477305
-2481603
-14270948
-5985905
-14406904
-13880307
-14801913
-13354221
-15066100
-5031891
-4978655
-6081967
-5131387
-658192
-3978687
-1562539
-3259831
-14017512
-7066842
-1225379
-2530455
-4291707
-4369841
-2481890
-3208419
-5946299
-2535289
-1750919
-3200403
-10990786
-9935046
-2215119
-1157009
-2263952
-5503741
-5090482
-4150661
-5756613
-1600094
-5093818
-13417946
-3123820
-1286019
-6219744
-2012335
-1615011
-7777723
-2437956
-557671
-6154448
-3813716
-3985066
-1682805
-4275297
-2143149
-3331525
-960927
-3547216
-4313787
-2663580
-2370624
-1341308
-2143400
-3051415
-11190742
-4424606
-3099214
-3980977
-3446687
-8452857
-3720654
-4227999
-5099424
-2273196
-6117727
-3470297
-2190136
-1416842
-7632579
-4696757
-2461326
-4510919
-4404309
-3770487
-4442044
-1089949
-761732
-5666683
-2726801
-10458317
-1328715
-2407609
-1204039
-4894132
-2013868
-3578260
-4845271
-14936823
-4948126
-3973788
-14933477
-15005436
-14080241
-6990694
-7834488
-10804678
-6281102
-10063032
-14932973
-15592685
-12900056
-12104813
-13882574
-7588716
-10063007
-14801134
-8445597
-3157825
-9688757
-13220595
-6935647
-15787242
-5333580
-10462777
-8904621
-14341861
-3311660
-11062206
-8690283
-6923362
-6650147
-1783338
-9213567
-14737629
-14866420
-6575645
-12839372
-10657979
-14997240
-12710339
-7978877
-15130100
-13027797
-9272753
-11778240
-15791098
-13285602
-15657201
-3957806
-9087091
-15122153
-11118270
-13954530
-14996971
-1542983
-2700860
-14998252
-3710570
-10733948
-5417586
-5163128
-14800874
-4888426
-4614972
-6523958
-5527633
-6065242
-7106624
-6605454
-14405616
-4749867
-15191803
-8822654
-5467196
-4408371
-12632795
-12432102
-13223124
-8753293
-9020279
-11649725
-11982270
-3622694
-6119771
-11512256
-2964024
-8094588
-15919087
-9148735
-12166606
-15588597
-9876897
-10855017
-8557646
-3557931
-15586810
-14931942
-12896461
-7644074
-8167725
-2831913
-14934754
-12232150
-2526277
-13152979
-14341605
-2703160
-14798818
-9280925
-13948904
-15327471
-10082770
-14997996
-12628427
-1925939
-2768489
-1664158
-14470115
-6316731
-1085792
-14610166
-1547928
-3716576
-10065607
-14210543
-15787771
-5859788
-12698092
-15920121
-4813530
-12892894
-13621749
-14277626
-13427683
-3169682
-15066104
-15197432
-3169994
-13223132
-14673908
-14934258
-14011871
-9824749
-15727098
-3955403
-13423084
-12957660
-14535663
-7387285
-2771121
-14739184
-15330294
-7322512
-12439014
-16052985
-1793663
-2115253
-1746110
-5229262
-3203556
-12765921
-9409490
-3813158
-9939151
-3176549
-1669428
-2520762
-5530064
-2111832
-4088712
-3267280
-16251132
-4513203
-2671051
-2183899
-14866928
-12895938
-3236759
-11505102
-15002104
-2777305
-3834978
-3532259
-1153134
-2145202
-6610386
-14141925
-10740724
-14142186
-14541034
-14208980
-2136445
-11243710
-1093580
-4680781
-3491442
-4080194
-1007678
-865058
-2003081
-2400160
-1449261
-14344419
-13420009
-4286595
-3977717
-15197691
-4321499
-1990339
-15986425
-13816539
-1085295
-4613003
-13220057
-4975334
-14868211
-5153935
-1485741
-13155057
-3785622
-3913358
-1609909
-12306396
-15003383
-5288338
-7568024
-13746932
-6318780
-14733815
-3551802
-1328286
-3913118
-6259642
-15264503
-14340322
-7837916
-15062240
-3005143
-3892354
-13294834
-1331008
-14274528
-478505
-11846352
-1792896
-14670571
-7893920
-11573952
-4413312
-10919339
-1398587
-2383172
-10986174
-13290210
-8494265
-8356027
-14465678
-11438521
-6780057
-13876719
-13615338
-12103141
-13880802
-14934512
-15067630
-8530715
-1982017
-8943293
-10252696
-13287143
-14605799
-15324139
-3358806
-14472679
-13747187
-5344115
-13749216
-15064813
-8024194
-14795255
-14736111
-12163815
-14077679
-10776298
-14073049
-7488902
-7765724
-9081267
-14932714
-14005988
-15455725
-12173018
-11307704
-14933494
-7638207
-10457268
-1781053
-14333922
-14340563
-15395316
-13743040
-13286871
-4934989
-15725556
-8097707
-15065074
-2515015
-15064817
-13345239
-14399708
-11706305
-16180465
-14803442
-16047865
-14858219
-14607088
-3358033
-2829599
-13816797
-15000041
-14729438
-13419235
-14472170
-1847356
-14999281
-7436951
-11119316
-14139621
-15919097
-4502428
-3492169
-4153743
-14079736
-13412066
-14207450
-5464700
-875070
-12556386
-5208683
-12565971
-4473949
-12499672
-13349605
-14275315
-3818322
-13549555
-8159650
-14736112
-8889007
-15192519
-14007780
-11302340
-3886181
-8550578
-11907013
-12961504
-7963808
-9673652
-13884138
-13880802
-13348312
-5728896
-4548753
-13158886
-12958926
-14667986
-14144238
-1919286
-7701149
-14470109
-14403305
-15193584
-5918650
-12953559
-12027835
-3751998
-15390446
-14210283
-3956555
-13021915
-11966398
-16186105
-12966630
-12625067
-9545914
-12439021
-7499406
-15327221
-11303609
-3002060
-2651242
-7959221
-14412024
-12053987
-5563373
-1460308
-3845337
-5364673
-10528448
-2152664
-14666478
-2410678
-4086914
-12171493
-14274040
-3089707
-2674892
-4513755
-10023408
-3789783
-15330039
-1301940
-10858454
-13357285
-15392749
-13754099
-14014444
-15528698
-9417432
-15132923
-4103848
-3567758
-2154199
-14475492
-13288418
-3247984
-14343898
-15723771
-15331067
-5163212
-13287407
-2801859
-15922167
-1121314
-6863333
-15787254
-15528182
-6210996
-10721716
-14404336
-6978703
-13884403
-6788015
-10525613
-15724020
-13030624
-14673648
-1347258
-13749477
-4554361
-9936065
-6283226
-14077662
-4971721
-13350788
-12895969
-4563356
-2868397
-2770505
-10983370
-13157587
-3437458
-15660538
-8033700
-4776148
-1742501
-5090499
-3270629
-15064821
-5926829
-14078200
-3196127
-6520179
-4823637
-15922941
-13356790
-13746671
-15198962
-2531964
-9758696
-4444618
-13555702
-14343406
-15198966
-13425131
-1436400
-11637478
-16316408
-4671304
-16052981
-11582671
-15916279
-14267041
-16182501
-1644322
-11248821
-3350817
-8945014
-1516066
-15262955
-11510960
-11973819
-16316664
-13747412
-15592177
-15855599
-7300690
-14144211
-5130319
-4868941
-1382173
-13944275
-10659769
-14207194
-3421497
-14145760
-14932469
-14010850
-16381434
-13879516
-15330040
-11376795
-3090190
-15263729
-15585748
-11642288
-13022945
-4803674
-14408161
-15329778
-15325400
-16381690
-13878485
-15196907
-14140122
-15459052
-5262924
-5978931
-14142930
-5657682
-8158584
-14799846
-12430276
-14867952
-7099197
-2827303
-4276296
-2697011
-15460594
-14534112
-14934246
-3616834
-1250331
-11839934
-12626358
-13549782
-13287622
-15723763
-15131113
-3288878
-10654385
-12760245
-15850218
-15262958
-15455458
-13943513
-13947860
-16052463
-15331574
-16250616
-3419692
-6381145
-12036545
-14472933
-15126510
-3420721
-14343656
-13746117
-13284294
-14867945
-13817835
-9868188
-13617622
-13748694
-14341870
-12758229
-4934986
-5720649
-12826037
-11114142
-15592690
-1710109
-14604525
-11974597
-2697004
-8159370
-15520498
-3155495
-15326712
-12566984
-15525872
-14935282
-14867178
-12100038
-1973276
-15064045
-3946037
-4380902
-1011666
-3254650
-5546230
-14409193
-1558512
-8103160
-7246826
-4684106
-14601715
-1600474
-6327200
-5090729
-12640502
-1194975
-4961953
-11843554
-15530494
-5038302
-16186878
-1523308
-2019796
-1401437
-4511713
-1921984
-12893421
-12497867
-14734062
-1405285
-14867948
-13421549
-2141665
-15395827
-6523550
-5792203
-2856613
-1490862
-1984105
-15583484
-1803628
-1679575
-13157085
-3431383
-2505281
-15987451
-15263224
-6843033
-12435397
-15131117
-1802097
-13484018
-15131384
-2245960
-15332089
-1756085
-3590337
-13025761
-5744807
-2397837
-12967142
-4710889
-6216910
-799165
-2046154
-5793398
-5480857
-1603415
-8093849
-2198371
-2324659
-1130708
-9086195
-13221358
-819537
-3457695
-14276597
-3293376
-7270374
-3369426
-2658015
-4513995
-14806010
-2204642
-4510416
-12827105
-2074482
-2006740
-2783131
-12828909
-1361849
-8360948
-13020372
-2277231
-2927835
-13225955
-1420970
-3170268
-3232954
-2007185
-9364437
-13226449
-13222104
-2439770
-2607054
-5951659
-4439716
-5796846
-2962577
-14669559
-4290163
-8566962
-4885387
-3922624
-2391630
-4178054
-13348845
-12563154
-3366506
-3377123
-6053998
-4111517
-3097568
-3518905
-1529573
-7831480
-4975595
-4438706
-12303032
-13687257
-4230837
-6264465
-1871286
-16183544
-14470893
-3653028
-4740228
-3034712
-5001906
-6728020
-10922168
-5149644
-3168591
-5728165
-11642082
-2955546
-1809725
-10016989
-13682661
-5800692
-14537449
-7051151
-13154271
-9210259
-5161356
-2768220
-6676648
-10069129
-9145998
-5012627
-9146825
-7123109
-15067125
-14869491
-11049405
-6591134
-13421546
-14531306
-10399674
-12963043
-11117280
-5866993
-13167353
-9234885
-11256782
-12633289
-15331807
-2189665
-3099490
-7113402
-2902080
-2899349
-14468832
-4255729
-2283722
-9088162
-10661593
-14408417
-8183504
-8040572
-10591924
-5617854
-2546128
-8033926
-7123145
-2509108
-13613286
-5038469
-12895951
-13622768
-4671316
-4306660
-10599553
-7710387
-13155814
-6973544
-7769486
-1263763
-15069430
-2109041
-13748710
-3915153
-5431279
-7059924
-14470378
-4485741
-11577553
-10221562
-4813244
-2731379
-5018777
-7300968
-7779772
-5359587
-5880254
-3614238
-2769073
-11190493
-8683959
-2454403
-2265532
-15462900
-13281763
-6716890
-4480848
-12102096
-1459022
-13217509
-4111518
-9622744
-14675687
-6250649
-4870281
-1533550
-1977116
-4509647
-12630237
-7975789
-13486573
-6774634
-7567795
-2616546
-2834581
-1486513
-8426388
-4629901
-10598099
-6592651
-8022084
-11399556
-4937752
-1933137
-13948640
-7760572
-14802671
-10726985
-13087452
-16246266
-3840048
-9332800
-14010089
-6845025
-7358861
-12312672
-11112624
-4296764
-14929143
-15788528
-9726763
-13021417
-6657729
-4537395
-12365188
-13343971
-10451164
-13155297
-8157579
-13092819
-11647701
-13880550
-14539756
-6016874
-7037021
-13218296
-11132993
-14536684
-3711563
-8353812
-5984817
-13027281
-10395552
-12103397
-12308317
-1144373
-14998251
-6171670
-5465662
-12638531
-13749981
-10719811
-14802679
-10934648
-9402205
-9268565
-12445056
-14664681
-15977712
-11916616
-14604786
-14469106
-8416443
-6896934
-3556929
-14143454
-8416591
-15263735
-14603233
-3503668
-11509887
-13943284
-8418112
-5423971
-10010438
-10114065
-11769678
-4473646
-3685429
-13226680
-12167374
-14537953
-15127791
-3943717
-6183271
-14074084
-15524332
-5010702
-8636455
-13289188
-14868958
-10593142
-4274760
-3223598
-8613265
-3948615
-8889983
-11110881
-12230350
-5860178
-13615843
-13943263
-13156820
-12634046
-10597696
-10065716
-5941105
-14671335
-13098713
-8165822
-7898754
-3951986
-13551066
-14075619
-14800614
-12507892
-8558243
-15461099
-16514045
-13687266
-15460587
-10132623
-13234679
-14475499
-14737127
-16186620
-6052453
-13943521
-11644093
-14605543
-13025755
-7575735
-14404825
-8749420
-7967657
-10917807
-4215887
-13944034
-15517418
-14010356
-14343916
-10849714
-5920861
-14735333
-13615344
-14070758
-13349854
-10855623
-7964327
-7900775
-10675434
-9542294
-12686564
-13753077
-12168656
-8101817
-5666688
-14997737
-13817301
-11516364
-9476281
-5399658
-14868718
-15196151
-12240334
-4872376
-11378856
-7307922
-13090280
-12704491
-12430542
-7833036
-12377849
-13089232
-9212566
-13746128
-9473669
-8876954
-9076633
-8351368
-2769784
-8426151
-12690388
-5141879
-14733296
-8156586
-13348568
-9211302
-14412279
-16382458
-13082599
-13349601
-15786997
-5293006
-14475250
-5622228
-13950963
-4964301
-5556432
-14936571
-6803671
-14609398
-6737878
-15000569
-5816525
-6738135
-14607348
-12505832
-14146545
-14870264
-14403559
-14476532
-15395065
-14674424
-14541047
-12764645
-14870005
-14475250
-14475507
-5752275
-4697788
-5950680
-6476506
-14271979
-14278899
-6279127
-14804725
-15265273
-5556691
-15330298
-15659772
-13619439
-15200507
-5622228
-5686992
-4766406
-14672885
-5753036
-5556432
-14409714
-5488334
-14410485
-14543350
-14543351
-5885393
-5557202
-15200250
-6081490
-6016984
-5030350
-14672886
-14476019
-14606583
-14804726
-14803188
-15132409
-6148313
-14804470
-12764643
-15330554
-15264760
-6148057
-14870775
-12961505
-6277840
-5752524
-12371424
-14937336
-15132923
-14805239
-4764609
-14803705
-14277622
-14804469
-6868949
-13952758
-13950195
-15593468
-12830183
-15067643
-14803705
-14541817
-14474996
-12304609
-14936057
-15331066
-5555661
-14212338
-12897766
-4569805
-4650998
-6682360
-6092537
-15065592
-6485496
-5502199
-15394810
-14275314
-14527198
-4452083
-3798520
-5235445
-14474480
-15263223
-14010863
-15264763
-5891829
-12897232
-4380630
-8884624
-12172482
-4447707
-12109767
-9410455
-3791320
-5758424
-9279389
-13095635
-4250592
-9606610
-3466990
-4055262
-4512468
-10528677
-3919304
-10070191
-4573122
-10265764
-4774613
-3924186
-3399899
-3003858
-4250577
-3721152
-3464917
-3005651
-13029845
-10659231
-13620692
-12108481
-11449316
-3004881
-12111309
-13950695
-3270113
-14806003
-14609652
-14937591
-13099501
-13954035
-3470326
-13688296
-4453620
-3601907
-13623014
-13754603
-13159655
-12241879
-11909831
-2946545
-12632782
-2489078
-3666673
-9866941
-2879726
-12437715
-4322546
-9281196
-10521805
-11454163
-1833978
-3537914
-4584951
-11516110
-2618869
-14870256
-5895670
-4848377
-13555943
-4389883
-5437433
-12834017
-4323835
-12765399
-5502196
-3800059
-4978938
-4913658
-4127741
-5634042
-13425387
-5961465
-14214899
-14345715
-6028028
-14807545
-4979451
-7992824
-4913401
-15266041
-14084340
-12769275
-5567735
-13098475
-14412281
-13821687
-6288885
-15265524
-15331059
-14608624
-13820397
-14606568
-5503224
-14672618
-14409200
-13028821
-8175532
-5208130
-3640648
-3368509
-13357801
-1601571
-14276595
-2523748
-14338539
-6139023
-2918217
-3112502
-4751451
-13348842
-4491079
-14012660
-14609136
-1537881
-3379538
-3841650
-6468487
-7312000
-14474727
-5606516
-2850115
-4291675
-1859638
-1474395
-2461795
-14537710
-9681322
-14142199
-1408593
-3174189
-1469756
-15523055
-1547361
-9480599
-3508294
-1607781
-2721097
-3771975
-6272880
-13751798
-3703395
-12577264
-3781002
-2326626
-2194524
-3584907
-1991735
-2982469
-1145188
-1729604
-16119801
-3178559
-3444834
-3180645
-15396859
-14672887
-15263991
-15395065
-15526905
-5209013
-15263736
-14935799
-15197432
-9344968
-14275827
-15197687
-14934777
-15264760
-15330551
-15395319
-3958949
-9740240
-14012908
-4879024
-15196150
-14669557
-15197431
-2114432
-15526135
-15065334
-11185360
-14802421
-15592443
-14934774
-15658747
-15196149
-14736886
-14866675
-4617898
-14736115
-14604530
-14473204
-14801653
-3300516
-14802417
-14604529
-2313354
-14671094
-15460086
-15197431
-15065589
-15328760
-14407921
-13879534
-14011891
-14012397
-13816041
-15855098
-15065335
-14407157
-13946866
-14868726
-3760283
-14868467
-14541299
-2377603
-3364756
-8688329
-14144496
-3367846
-14934004
-15526648
-14143729
-15393785
-14471924
-3822745
-15198712
-14866676
-15000054
-15460345
-15394295
-15066614
-14867952
-15461112
-14604786
-15197688
-14736887
-9210314
-4553387
-14934266
-14341878
-14474742
-14343412
-14869750
-14276086
-14802936
-10725841
-14276853
-15263482
-14803193
-10595027
-11450589
-15001592
-9802435
-8619458
-10395333
-13619695
-4092075
-10327484
-15000824
-15065077
-3100816
-15197944
-5726625
-8242905
-6375540
-10190246
-9537181
-5158770
-11779799
-10200015
-6257536
-8940958
-8287636
-8817038
-3982032
-13482182
-9930661
-12427735
-5995680
-13226209
-8742806
-9859499
-15593467
-8032379
-4576181
-7362189
-8887232
-7308738
-5786513
-8482685
-5801840
-14734824
-6181776
-7595729
-4486760
-4307810
-2014358
-5591126
-8283048
-6835569
-9548974
-14603500
-10124722
-8423328
-7506125
-9269131
-10343389
-10711484
-14202865
-3387545
-13816545
-11579602
-8692668
-6848076
-11374030
-7051447
-8157063
-7634072
-9075625
-14272482
-8226461
-7036068
-10918366
-9801904
-7298750
-10583236
-13490916
-9006732
-14791894
-7133111
-14408944
-7235981
-15394038
-5856714
-14534633
-2895193
-14671593
-7309004
-3791313
-14205154
-15062513
-12496342
-12828875
-10990270
-7056292
-12236518
-14666205
-13357543
-3663297
-14729695
-12497624
-14016503
-3656633
-4773843
-2076795
-13485541
-8486286
-14669805
-7753507
-3914359
-6265018
-1935190
-7901870
-6077094
-2659408
-15530228
-8229786
-9138594
-3712925
-8697266
-13556464
-11313881
-14605799
-7243925
-14070476
-3028294
-14801390
-14999798
-2591861
-9525848
-14933748
-15260917
-14141148
-12760039
-2197618
-12561353
-6978479
-14472941
-4017219
-6666112
-6313669
-15131629
-7840455
-10600378
-14403035
-14807800
-6282135
-3493700
-7040144
-3572822
-13154516
-9477034
-8097172
-4713676
-2669235
-13685741
-14138836
-15986421
-10783672
-8748711
-5757909
-7757223
-12234955
-13826805
-8378291
-11444437
-13091047
-9800642
-2904817
-13882359
-10328271
-14802677
-13881079
-14999801
-13486325
-13224179
-10526169
-2842353
-13882099
-12303598
-8420021
-12434411
-13225967
-13948142
-11314647
-11643605
-11052247
-13222894
-12695786
-9866443
-11906537
-10330821
-13817838
-14408943
-13553904
-14736886
-13683698
-10656982
-13485297
-9275077
-13880815
-12762088
-13354469
-12628710
-10392517
-12169440
-10590939
-12234727
-12366312
-10260423
-13289700
-12826604
-14803185
-11840222
-11050710
-2713074
-12763118
-12893422
-12366825
-11314138
-13947124
-9076157
-9276876
-10197200
-10590935
-10394069
-12169449
-11315670
-10788059
-11051745
-9472710
-9537987
-13091053
-1004276
-13420015
-14538992
-15065587
-14538743
-13421029
-12170974
-9013190
-13749491
-13288938
-12630755
-13815019
-14013426
-14013683
-11118555
-13091826
-13748966
-3243767
-10721995
-11573958
-15654644
-1330925
-14072808
-15061743
-12955868
-13613543
-14146542
-14474489
-11447781
-14078200
-14012149
-12235500
-10130384
-11512547
-8619919
-15780562
-15460079
-11446466
-11707855
-15726588
-12435174
-14937596
-15724790
-15068660
-13816292
-13090789
-11382211
-14404820
-9013652
-8091319
-15462906
-12296149
-16054778
-15002102
-14802171
-13882863
-15788025
-8749748
-9863362
-9604541
-13221320
-13223886
-9934752
-14405868
-11499584
-11442353
-12235221
-6191746
-9592465
-15590384
-14473441
-15130871
-15190005
-8357005
-13290209
-8158348
-15462908
-14934767
-9347782
-8881325
-7963834
-6249316
-7696279
-8296093
-9740481
-14074339
-14669552
-14014959
-16052220
-13157338
-16383486
-14002110
-13222367
-10924012
-14737643
-11575227
-13348787
-15263981
-9080483
-10065832
-15396045
-15717333
-13881065
-16182776
-9998263
-10591428
-9934017
-4151917
-15723506
-10395577
-12034756
-6522551
-9278387
-6316646
-15594227
-11380673
-16252157
-14738405
-15791352
-11381194
-13157609
-11050176
-10859724
-5455727
-14077911
-9798333
-13886186
-15000296
-5130612
-13085678
-12705751
-9537739
-7501448
-14069739
-9271721
-8417960
-13158608
-10397886
-11312088
-13488110
-9600439
-8159657
-8159909
-8427694
-7697814
-8629905
-7172015
-5672871
-9212353
-11579592
-12770028
-11508945
-1314574
-12707053
-8025500
-9474481
-8952243
-14513601
-12894445
-11515847
-8033436
-12036047
-8028584
-13026524
-10067625
-10332586
-8691121
-8553359
-10854823
-13423841
-12764641
-10917322
-7703448
-6385554
-9880776
-8220103
-6583974
-8032937
-11704529
-9282484
-7449507
-9549738
-11378649
-13424098
-7752091
-8756135
-7174272
-7701151
-9345694
-9929135
-13818085
-12901327
-10852730
-14933751
-9603250
-9938363
-10075057
-13091543
-14014182
-14339820
-8623781
-7751836
-9209513
-11715016
-11060431
-7703967
-10059695
-10596549
-14274551
-9339311
-3068028
-13357038
-12498114
-3191425
-14541815
-1986611
-4503386
-2145647
-3068883
-3136849
-14143716
-5339723
-8620187
-4632724
-5936498
-12963284
-4116102
-9478053
-14872300
-9755060
-7320741
-3957855
-4970415
-5874330
-7313793
-13159648
-9027231
-5814886
-4766339
-7317128
-5659481
-3860957
-5889498
-2524435
-2918937
-6074949
-8570229
-2655859
-5142088
-4353339
-4353594
-8819104
-616510
-11320539
-12375522
-3846541
-13285865
-6662271
-7182204
-6002294
-12177100
-13359837
-12440271
-14013667
-3790730
-3133563
-1612392
-1876078
-2785635
-14543588
-4565129
-5618335
-7059110
-3562586
-3364943
-4644789
-8775636
-805181
-4231812
-4695447
-5738857
-5277795
-6200691
-13685221
-3425868
-14013420
-8755358
-7380362
-13228506
-3779395
-6668149
-6804093
-3917952
-3257710
-3720317
-5879340
-5263256
-1415076
-954220
-1875026
-3502932
-1538876
-826984
-15134454
-11912153
-2335539
-1153649
-5006318
-14477302
-3633237
-12965100
-2990632
-1805381
-13288416
-11443937
-6392229
-3395771
-9170164
-5267033
-4476970
-3193430
-13226464
-7434102
-5014601
-4254023
-944990
-5631921
-5686440
-7764628
-755798
-12829150
-12498915
-1211244
-5202763
-4762707
-2794120
-1405558
-5498073
-3382600
-11066345
-2077250
-757776
-5822856
-5795652
-15199207
-4512363
-3071346
-14936561
-5656920
-5822367
-13226204
-5735913
-4374138
-3626550
-3393465
-2916198
-13948891
-9233614
-2732433
-1347158
-6608862
-14143984
-6714984
-6537418
-13427166
-1552198
-4376760
-2988159
-1750683
-7698552
-6924652
-14541550
-538920
-8754326
-14081509
-10784740
-14541551
-2388512
-8955039
-10335400
-1812766
-3365180
-3380872
-15134967
-10200675
-3916998
-1942088
-2909499
-1748607
-814167
-2985334
-4354533
-4095724
-4098543
-10793162
-7300223
-5495795
-14865397
-14408952
-4751346
-5104882
-8749247
-10987452
-11647954
-6644605
-3961065
-1483112
-13352937
-11841483
-3170532
-3760866
-13813488
-5399660
-5758151
-3597230
-3431667
-5723993
-14670321
-11380673
-988099
-4272209
-2049502
-3426285
-856408
-2964185
-13878005
-5802478
-4574686
-1539031
-6645919
-3581834
-14009067
-4041295
-3091514
-4252791
-4539976
-4746075
-1485191
-6981618
-3957444
-1711152
-10538339
-12495302
-9472679
-6447754
-1814217
-13880559
-12250734
-3569389
-11904208
-13222390
-9139631
-10675435
-1478884
-4954346
-13811702
-1922548
-3785107
-3466969
-14012653
-2367804
-6189002
-14470635
-13552880
-3956972
-9399338
-6112592
-9540271
-9021798
-3881279
-3027378
-5397589
-3092279
-4933482
-12828388
-14670318
-4802640
-2146183
-3881795
-10455455
-6642795
-12243080
-2707402
-6579230
-13953521
-11975906
-16252155
-13359333
-15069167
-14937582
-13356505
-14603742
-10586271
-7043187
-9481394
-13489385
-8824995
-10068155
-13751527
-6781576
-11185081
-13881823
-9807783
-9873327
-5930859
-14277612
-11715022
-9670594
-13817826
-9413798
-9346465
-8757408
-14869997
-8819861
-13819878
-11056049
-12106692
-14671331
-9346707
-9281445
-8689304
-8489864
-13292234
-9217441
-7244170
-11186868
-10793900
-10727857
-8952728
-9872544
-4417371
-14082791
-8166298
-9217196
-13753832
-12701403
-13817061
-10856890
-9348266
-8428186
-9544353
-10069675
-5797234
-12043986
-9086890
-10204090
-9014977
-10528986
-10398424
-10137534
-12109772
-13555687
-9875647
-9742002
-6589569
-9874624
-8821160
-13881055
-5795449
-8561579
-9151149
-13621996
-9019045
-10859190
-7244941
-8164510
-13818349
-9939380
-8033442
-8691623
-5930368
-7177874
-10993090
-9414056
-12309724
-8166560
-4877682
-9478099
-15001070
-8164502
-12634338
-13158127
-13286621
-12370910
-14278384
-8148418
-13159921
-12113643
-10717113
-15135734
-11049679
-4282182
-9277599
-7447964
-10795490
-12498112
-8286083
-3441245
-8630445
-14216434
-10854341
-9210280
-8424867
-11977691
-8620169
-8619174
-14736366
-4685636
-3101492
-8432549
-8297377
-8496540
-13357543
-10060466
-8101282
-12439001
-8690058
-10723786
-9226135
-4424018
-8688280
-14675700
-10267315
-6323307
-1329967
-12298207
-9731228
-10977101
-9090225
-8294060
-14074612
-2303526
-2451532
-4678224
-8036249
-9270699
-16317949
-9606328
-14937332
-14142188
-7899539
-5397334
-12761842
-8092070
-8158114
-10847916
-7761559
-13625579
-3239760
-7834797
-2915139
-12309486
-794649
-6720156
-1577266
-12773101
-9871301
-8683950
-2186315
-13819118
-9004200
-1538369
-12767957
-4684608
-6929326
-7505303
-15260915
-10142892
-8105065
-6448996
-4912303
-1154346
-3291192
-14673383
-14871795
-14931697
-14867680
-5212195
-1293870
-10668993
-3835924
-6116177
-4509341
-5660988
-1755485
-4230757
-1545261
-9435624
-3628872
-7576459
-14208476
-7105352
-2646863
-15067630
-13884132
-1209151
-11921719
-4963675
-2261588
-6318481
-9195690
-9560529
-3179036
-10522288
-13421536
-4545084
-15986939
-7638400
-7122306
-12894696
-619573
-8830150
-3262072
-10802322
-4892472
-15066849
-3700820
-10863977
-2233903
-900212
-8296083
-2391114
-2960425
-5222519
-1081133
-7695998
-12967647
-5332308
-13294566
-3521670
-1147487
-3982209
-1808939
-4645765
-5857922
-2466381
-4085074
-12763100
-12950751
-14408932
-7443321
-2668088
-11445680
-9991588
-3687341
-13159391
-4408489
-14344433
-15988472
-12696521
-4873405
-2574824
-11905494
-3355805
-2109653
-3879204
-11516631
-3104227
-5987009
-2307970
-4810953
-2966478
-5463438
-9146016
-14277090
-3688681
-14279662
-1517802
-6654937
-2967002
-2048479
-10922447
-3234753
-15592185
-7173007
-11581144
-7374318
-6185329
-3037152
-16383229
-1716431
-4476578
-13487052
-12438236
-5004748
-4147143
-12763123
-5856475
-15067116
-11905994
-13757177
-6709364
-14146017
-2896340
-14080670
-993441
-8489401
-3488727
-3093199
-1977009
-3558361
-4216508
-4873406
-5929192
-5856874
-14147311
-14409720
-12569057
-4346851
-4417760
-15068663
-3358437
-2571241
-1581716
-6325477
-3170790
-8554660
-14212838
-13225963
-3884244
-1120965
-3625165
-4486638
-3818452
-2510560
-12962519
-14211820
-2900685
-4478943
-12963808
-8748977
-14405081
-9477301
-7763879
-10131382
-8686509
-9348539
-9276544
-13155295
-7964212
-15264487
-7107713
-13684449
-10000290
-7175737
-13952223
-15987190
-9277587
-9476720
-6526363
-9871807
-13287897
-13030122
-9870522
-12114667
-9734557
-13097976
-14077913
-7103127
-13156052
-8423038
-9471892
-12635091
-8423578
-8554864
-8695676
-3825709
-6276467
-9219494
-13483979
-10326184
-10061746
-14278370
-10463137
-7382591
-6191980
-9997709
-5864810
-8816330
-1380364
-13553114
-6325617
-12961499
-5075773
-9213282
-9348998
-12170393
-14470371
-14668007
-1983028
-8232347
-10593459
-9343377
-15196144
-6646154
-10593431
-7969427
-7105482
-13284808
-8948365
-6129992
-3959366
-8685747
-10264508
-8877726
-2371103
-14537957
-3758146
-12564415
-13549265
-11116176
-7167847
-14800102
-14404580
-14866157
-14076391
-8885888
-14147297
-13815518
-14210531
-5724018
-12894166
-15722998
-15064301
-13020894
-14539499
-14865904
-15391988
-14277102
-14735597
-14998252
-14470892
-14342639
-15327989
-15524597
-15197423
-5661025
-10721468
-15066355
-11519427
-11448771
-13154533
-9216403
-14147054
-15201014
-10732672
-6847134
-5330256
-11001788
-7634110
-6388041
-12951750
-10457045
-15393015
-6907252
-13621451
-5990257
-14403294
-2367020
-11517640
-15525109
-12567745
-16316920
-8363575
-9339582
-14401008
-3489314
-11900388
-5856117
-9870016
-11192811
-13820632
-5791317
-11714765
-16447738
-14008797
-9609160
-5394054
-8299617
-8620722
-15853820
-9082516
-7565737
-10980004
-14271196
-8619443
-12957389
-14472692
-13419464
-10927537
-15327991
-14471129
-13484755
-15393266
-14144229
-7310257
-2517039
-7511195
-15786484
-5210093
-9283534
-16053493
-6724787
-2511057
-13490154
-13748715
-14342392
-12837093
-12304102
-3778998
-1726029
-14015223
-8565148
-7713969
-13885929
-5937879
-16382459
-12308441
-2038816
-12500957
-1337959
-6132410
-2117196
-12436684
-3093813
-2170402
-13877965
-16316668
-5623506
-9019826
-14409713
-16120830
-6462869
-14075375
-15921910
-933690
-2175036
-8496301
-14799339
-3325626
-14473181
-5330507
-10067384
-11052252
-2388704
-14601722
-7054483
-4770001
-9208963
-6810093
-15069431
-7382165
-8230559
-9088675
-8693944
-6848900
-14601446
-14537182
-2066813
-13234165
-7185556
-7172469
-13024986
-5028297
-8116217
-12367052
-11726037
-6594192
-9612192
-15460602
-9283262
-2174820
-15325427
-15588339
-4486891
-6872280
-2633011
-6323810
-14740710
-9082254
-16119546
-6198404
-14935526
-4441534
-14939379
-4159796
-15988709
-2041406
-14280676
-7707049
-13088210
-3104836
-2052169
-13949913
-13757163
-14806768
-16119796
-1710623
-14142168
-15858169
-15854838
-15920885
-8107938
-3354934
-16316410
-8024437
-14279653
-5614696
-15197668
-16250869
-15658990
-15920878
-16316664
-15725030
-15658478
-14933727
-14478319
-10596549
-3899175
-4940111
-3028267
-16382457
-16118519
-15592682
-9415572
-15857397
-2382387
-16250618
-16249592
-12699090
-15461356
-14674392
-14739179
-15987442
-16250360
-6387545
-15988210
-14542812
-15592939
-15658483
-1800249
-15461868
-5855584
-16184816
-5395538
-16381687
-3422014
-15720918
-4082480
-4149560
-15596282
-2050734
-3776239
-4743105
-10073009
-15396858
-9878485
-2104433
-3976420
-14336231
-3817953
-10921153
-11575251
-6908325
-1279714
-6395377
-3290798
-7399406
-4879553
-10850764
-9477572
-11577798
-14804720
-2977977
-12180722
-11642344
-11910619
-11773908
-14737391
-6774927
-4417776
-6912682
-8560057
-10985379
-9751536
-12169447
-1136860
-8611747
-6190298
-13092069
-12378347
-14537208
-10066144
-7629498
-14729409
-4295145
-1671902
-1148377
-10520152
-3497705
-10069971
-4431098
-2849761
-3396570
-10597875
-14143980
-2465456
-3234742
-9676499
-14273750
-15329777
-14338275
-16251644
-13487320
-11906504
-9022914
-15328490
-6859477
-4772066
-14602716
-2111897
-14474217
-14474733
-11648999
-13559029
-3299029
-13552103
-1219022
-4630261
-6147818
-1684390
-1196489
-15067385
-3761105
-6659571
-1651143
-2052305
-1861845
-12637165
-12233939
-13088729
-9476309
-10728171
-6330356
-12045032
-11583728
-13623797
-14930678
-1467597
-8759271
-7313379
-9347028
-5671635
-7058420
-9408702
-13489641
-3555004
-13885432
-7578863
-2907348
-14931697
-1189076
-8891105
-1717944
-13225967
-3290581
-14869237
-9747443
-11911383
-7706598
-9604840
-2252764
-13423333
-14539250
-14079732
-13881055
-4887794
-6000616
-5554417
-11980788
-2574293
-14866420
-13421029
-6784213
-14737392
-2518755
-8038122
-13815533
-9146573
-8028084
-2570673
-10982856
-4366574
-1721276
-1789911
-11979507
-12372448
-12826859
-7777005
-8952806
-14672374
-1647799
-13687800
-12966393
-8559080
-2118367
-2119642
-1189841
-10271946
-5533322
-3572086
-9408757
-6851213
-6060709
-9151367
-7113354
-10268637
-12441048
-4082009
-8492186
-15394802
-7973031
-5917277
-14865646
-15135228
-12373963
-1117450
-9541553
-7893158
-9013684
-7310007
-12842992
-9017032
-10003108
-12762071
-13164265
-7702147
-13297396
-13812451
-13555700
-8025436
-11781325
-7376286
-12691130
-9605533
-9075862
-2372221
-11445721
-8288904
-7967122
-11903701
-10717402
-7567248
-8775127
-9469088
-7177116
-6451553
-8296398
-13029359
-14472168
-7307181
-7436692
-8546977
-5734769
-5867959
-7438737
-7640460
-13027815
-6000539
-13558516
-10414833
-8157858
-6977416
-10539754
-11114685
-2378231
-8613848
-11704307
-13086188
-12755181
-13812986
-14010871
-924899
-11180270
-13351418
-10980081
-1455599
-10059243
-11772142
-13942524
-10716120
-10191584
-12760048
-10322895
-9006284
-8809928
-13152503
-3233516
-4611539
-2901481
-5069299
-4017904
-5991899
-3301100
-2698733
-15128059
-10325180
-2501849
-16051702
-15983607
-15656691
-15261673
-5263835
-1656792
-13083344
-990703
-2106086
-3295703
-9989036
-3161578
-14671850
-4867903
-11575518
-13157356
-2712567
-15375608
-14271221
-4486636
-2637785
-3888868
-5008878
-1839553
-15778776
-10197621
-16576252
-15856889
-13219063
-10454740
-11180244
-10723554
-9081031
-14134239
-9069754
-14207991
-14803192
-10853345
-11577007
-12428745
-11312560
-7371142
-8942225
-10455472
-11184072
-11971779
-11250616
-13546959
-12630723
-5728315
-8026281
-10521545
-9938355
-9801150
-9933247
-9601989
-5145680
-9801659
-8550064
-14472429
-9867460
-14539499
-10064582
-4222519
-4810298
-9471159
-8876992
-8748459
-8156324
-9341115
-7170721
-9011887
-8944300
-5665605
-8288925
-10654152
-9732276
-9602499
-9144763
-14868212
-14471403
-9078178
-9469871
-9277119
-12695520
-11773909
-12961508
-12233946
-8616894
-9077936
-9075353
-9608879
-10133422
-8027552
-7697827
-13351387
-8287391
-5268263
-8156327
-4089393
-4883015
-13352682
-13289702
-14078702
-10721484
-8484778
-3699508
-11515610
-8027054
-14081505
-14014431
-7377839
-14937593
-6465956
-4499075
-5415580
-14741242
-806712
-8815005
-5413278
-6597275
-11188439
-10856363
-14081248
-12504276
-6524528
-13360610
-2521168
-13817822
-12437717
-5206175
-10406083
-6072489
-11772085
-13425894
-7180690
-1651498
-7658671
-12105155
-3194753
-12956873
-15332347
-1926220
-3216210
-14611196
-13355743
-12765915
-10129348
-11387592
-2611406
-7918019
-12696269
-14601438
-5596511
-10851273
-3527075
-6659465
-7710882
-5078413
-2651996
-11317171
-5613477
-12699868
-7244673
-4608587
-4034454
-10927052
-14209522
-6271382
-6928809
-14609649
-12832480
-6645389
-8816016
-2372663
-8225674
-8428980
-16054525
-7245719
-2470037
-7323858
-9804962
-6586512
-5328733
-6387078
-14806007
-2796989
-5800608
-7764613
-6998233
-4542580
-8092050
-6003864
-5680021
-10067111
-4678493
-3106439
-6052468
-4415093
-9803164
-15526640
-5266801
-6213083
-7306118
-14410484
-8225180
-1812175
-4740190
-5992569
-6912662
-5604001
-6649724
-8158081
-5137242
-6251624
-7110277
-4288121
-5477810
-8491681
-4941170
-10929882
-8562398
-4280145
-8422033
-15791349
-6449283
-7436435
-6846347
-2311510
-15720694
-6911359
-6066072
-3688776
-7838894
-8159626
-4333835
-3002059
-8289413
-15987959
-16250363
-15722738
-14208219
-15392696
-4013374
-3220267
-14671337
-8813485
-13157080
-15589116
-15389152
-1644318
-1514800
-14537964
-14998504
-15920887
-14604528
-11303086
-12697544
-15920371
-14604005
-15128825
-14468569
-15593459
-3159365
-15593201
-15652076
-14013157
-13553102
-1973014
-11124658
-4207936
-15654891
-2039872
-14404324
-15396083
-15591413
-15065332
-2828381
-11447512
-15724535
-11904947
-15591420
-7039853
-14867177
-2236457
-3685164
-1775388
-15327470
-15264225
-15921910
-15255262
-15198447
-15457010
-14733038
-14930159
-3032806
-14082293
-2586598
-13554669
-12763361
-14211307
-1453252
-3232746
-1994219
-11642830
-2506718
-12893918
-1848267
-11908063
-15265015
-13421805
-13157609
-1602031
-1732327
-15461880
-14079475
-15394292
-14407921
-6268914
-2044882
-1400047
-5667308
-1663208
-4805594
-14930924
-3165673
-14274547
-13679841
-13418730
-12956124
-15258607
-1795566
-15721966
-15129059
-15129065
-15258344
-14469852
-12038094
-14799583
-13873103
-13087958
-12890568
-13877733
-13423595
-14080499
-13817327
-14079472
-1717461
-1319621
-14934260
-1583821
-1797611
-15921658
-16054012
-14673147
-15524336
-15325670
-14801651
-2047467
-11254748
-14869749
-15593461
-4366044
-10594509
-10066880
-10525116
-14737395
-15659258
-15198455
-15198966
-4492738
-5607617
-5415625
-3501232
-14409968
-14474733
-9672897
-10130878
-12105685
-15067894
-14869493
-14279668
-3115985
-6267858
-14936307
-14015985
-13752811
-3836624
-5807574
-14804210
-10723781
-14870265
-13817580
-11056334
-10463425
-14014958
-12172761
-13160684
-10725062
-14473966
-15132404
-14606837
-15001591
-12500436
-4827870
-14869490
-12042457
-13816556
-8429005
-12368598
-11383759
-11512784
-11579086
-13950962
-11448011
-14870516
-15066870
-9286868
-12238808
-15002102
-12306656
-12107738
-15066871
-11974362
-13816047
-14079730
-12232393
-14211052
-6464471
-12629474
-14408144
-6328721
-14275809
-16383228
-10335422
-15064008
-14408345
-15593713
-15595202
-15525616
-15724530
-15264747
-16645628
-15130092
-16185334
-15856629
-16513786
-15722732
-13616091
-14474713
-15129825
-3438962
-15987189
-15857398
-15595763
-4750205
-16185306
-15922421
-7702195
-1986911
-7772319
-16514300
-16185850
-7303075
-9082328
-15921906
-15989493
-15595771
-13026266
-11120517
-16251642
-15594483
-15987956
-13292259
-14607589
-16383192
-14145755
-7831195
-15263723
-8564952
-5460270
-12964067
-15922933
-14935282
-15856373
-15462637
-16448490
-5670785
-14998478
-2566644
-13549810
-13945590
-2717684
-664303
-13354212
-13686520
-13204431
-11570887
-3434214
-14475250
-15063286
-1207267
-2521323
-546790
-13748473
-10926579
-9997247
-1209816
-11577283
-15923710
-1283311
-12038390
-13555192
-1215984
-12963817
-1066475
-3114480
-1480436
-1526768
-5490935
-13948902
-1329384
-11640786
-14018281
-3175393
-2918641
-10137055
-5348333
-1140465
-1389035
-4954605
-1606117
-2069750
-1459694
-1400564
-6669048
-1544433
-1389549
-1012942
-607214
-1995496
-13551089
-14730225
-14602985
-1864940
-4299247
-12304347
-1086196
-2663918
-13358836
-1598193
-1275630
-15331573
-945128
-12035535
-14647078
-10983379
-14275033
-11583156
-7371419
-12355037
-10064311
-12105684
-4935549
-3556945
-14010591
-9011088
-13747410
-9538189
-6314863
-8221100
-9866179
-6778679
-10720461
-9274437
-14736351
-6316444
-9275814
-8816555
-10125738
-12946493
-9340314
-6055818
-9269664
-9408433
-15326700
-8617634
-12495753
-11906239
-9997729
-13479390
-11841418
-12549664
-10783925
-10718328
-10059614
-12955618
-9401269
-12435156
-9602169
-13209377
-10326208
-8414631
-11450156
-8087960
-10057836
-10653230
-14601959
-9671136
-8224382
-6516622
-4867663
-11644455
-6643801
-10980962
-9467482
-5129272
-10060897
-12164465
-4670014
-2829872
-10258602
-1579306
-4079171
-12765916
-12825812
-5001821
-6052703
-16053495
-4604744
-15199991
-5000017
-2960965
-6250853
-13685476
-13747427
-12041173
-14669802
-3613466
-14669280
-15848684
-7106159
-3028031
-15129834
-3356227
-13419237
-5063999
-12367573
-15061999
-5328985
-4408398
-5065556
-6183260
-5262159
-4670281
-15654645
-4539469
-15721202
-15649753
-11252946
-15392753
-16119290
-5130574
-14604259
-2630697
-3617337
-7898258
-14670056
-5985117
-14997486
-2765373
-4342864
-2237481
-4406845
-5987164
-16053235
-15194092
-14999026
-7632779
-6710668
-2895691
-5197648
-12303553
-13416429
-7704725
-2897461
-12631254
-9995194
-5662259
-13356760
-15461098
-14208726
-9207982
-14145773
-12959184
-13482475
-9736821
-4944439
-4676420
-15132146
-9015991
-12563913
-4023324
-16053751
-7961804
-8884379
-12105942
-5991220
-5527611
-3821887
-12759516
-14343917
-14867435
-11843024
-9742002
-16447482
-5268536
-4602138
-14142944
-15064048
-7627932
-10198951
-8692107
-7295126
-12634324
-5531697
-8357796
-15329513
-12040664
-6388762
-13812705
-2373409
-5004584
-2644250
-6914902
-13486038
-4417590
-14736099
-14734821
-2112042
-5860408
-2501048
-12165342
-10189750
-10451645
-13747699
-10587602
-10847937
-9278141
-13022887
-4020450
-9412840
-2244029
-7047905
-2973930
-2508482
-5536726
-3034549
-12961011
-7511746
-3567075
-5929176
-1519584
-4416480
-13687026
-3039455
-2768347
-14469603
-8025990
-4411619
-6912734
-6640460
-12694241
-3499242
-3103462
-4288474
-1851359
-3701454
-9088749
-11254001
-5013467
-13882099
-14207203
-1656032
-3425959
-2045149
-9151210
-9936868
-2771174
-797139
-7442138
-7100749
-14537201
-9795676
-13816810
-9480419
-4675305
-8944728
-11976939
-8218172
-8350530
-9730922
-6584203
-11381455
-12301790
-9213628
-11518179
-12369865
-13093337
-12368082
-12438756
-12698573
-5732995
-11251657
-14606311
-12171738
-12962538
-11384273
-6451606
-3818065
-13224917
-12370381
-3299633
-12304873
-11767409
-10391488
-12238793
-11773645
-12370890
-10726603
-11582917
-13676514
-13421275
-12962518
-14080220
-13093587
-4471714
-13352421
-3817033
-6654866
-13159652
-6718621
-11321046
-12963025
-5864848
-6523802
-3357514
-14342878
-11844314
-12239574
-2502456
-7179160
-14079446
-12897751
-7181224
-11255509
-5660010
-14606055
-6982311
-7307169
-13485799
-12435677
-6785952
-6587016
-3627110
-10657207
-8030351
-6785660
-3842122
-3973961
-9541294
-11836617
-10264736
-4892498
-9344153
-9804457
-13353173
-11254191
-8948616
-10129834
-10195106
-4360521
-14207718
-14144232
-10457270
-2530102
-13285860
-13026781
-3512401
-14604269
-13615845
-12369623
-12499410
-13417700
-13221088
-12960733
-13219806
-2723383
-9732265
-13483491
-10590646
-10128050
-12301008
-2396464
-2527536
-10656184
-2393903
-9477797
-3512381
-9741211
-10789030
-5087818
-3976775
-10525365
-1872687
-13616357
-13024477
-4564062
-13418462
-13810145
-12361929
-10391465
-9208475
-9208223
-14077411
-12760020
-4218436
-4046694
-9148847
-14871533
-6270841
-9742500
-15398117
-2799024
-1593640
-14151660
-8115136
-11639768
-6203266
-12045800
-11449043
-1391634
-8433530
-8883087
-2705458
-2568504
-2589503
-15262951
-13945317
-14276842
-12499403
-15462127
-12052461
-14075622
-5927008
-11046327
-5859465
-14867687
-12370663
-5332507
-3100724
-12565189
-8021394
-7053430
-14467270
-8487065
-8961952
-2602783
-8491674
-5355099
-3728219
-13950412
-9414320
-6252369
-13950934
-2633277
-15660781
-9998764
-2322802
-6527615
-11250107
-11503021
-2961194
-4470579
-14204637
-7501473
-12308969
-7121301
-9275282
-10262708
-3418666
-5689306
-7246214
-8813980
-10999761
-8946290
-6348713
-5795688
-13091298
-14666986
-15989756
-3350315
-9264036
-11648213
-5336404
-10460330
-3052094
-7569288
-4797212
-10063524
-15650524
-1120276
-13747421
-3300908
-4450436
-8626328
-15657960
-15129587
-14602977
-10920140
-15659514
-16119781
-8421810
-12431044
-6213074
-6399377
-7232159
-15328238
-12108992
-12307938
-11572105
-9602967
-3101172
-16512253
-14602740
-13750750
-13358302
-12230845
-7110270
-13552117
-14803171
-9074527
-13551074
-4214957
-8883913
-12961751
-5854956
-7629940
-4216293
-1975890
-13348594
-5334749
-14474217
-3821520
-15659768
-15001061
-3424695
-12884601
-12171223
-13083803
-14211043
-13097707
-14079207
-14735076
-15248367
-14144232
-10724556
-1719780
-12040167
-15133427
-9874917
-14934774
-13419482
-13880286
-14734307
-13157852
-11576764
-13162984
-14867696
-5199978
-15063801
-11971538
-14541540
-12172512
-13879013
-12100042
-14213869
-9024463
-13884127
-5870497
-8498631
-10202302
-13879262
-11055562
-3502478
-7773363
-10001590
-11782349
-15392758
-3031903
-14281207
-14540534
-13357279
-14871282
-9742502
-12830428
-14408173
-8033686
-7831432
-9868453
-13949406
-7175038
-10069719
-14938357
-14869739
-7974852
-13949669
-14208501
-14280940
-9542835
-14404077
-10132416
-15461882
-14608622
-13945831
-9808304
-10668999
-15001072
-7304052
-5851693
-13819885
-14602986
-14866935
-14344432
-6391956
-14397166
-12892376
-8815258
-7036277
-12036811
-10197460
-3421017
-14602738
-8230016
-15526648
-15000820
-4340541
-4539471
-11842007
-5588574
-14205937
-8814230
-7634062
-16247546
-6581635
-14599908
-12168921
-9275531
-3555659
-10062807
-5458512
-15652602
-14337757
-8356787
-13681631
-7046046
-4871499
-13687278
-13614553
-9289680
-15592686
-8156809
-3948375
-9277364
-14601696
-9809586
-7240081
-8744627
-12366543
-7176601
-9932474
-10262458
-8883366
-8689048
-14670316
-15658224
-15592428
-15395050
-3289418
-4015191
-4407879
-12499949
-12895727
-2509802
-9606818
-9537747
-8683217
-2313191
-11975892
-2643688
-1984996
-12567277
-12895476
-11647699
-10462397
-2379491
-2512875
-3235818
-12372451
-12042215
-9802959
-12173516
-10789844
-10197460
-1787626
-3761377
-11384252
-12236267
-11581665
-11843039
-11646940
-9144776
-9607895
-10395099
-9341393
-13093099
-12830448
-11779040
-2248936
-9736657
-13092845
-9607588
-13355250
-13487596
-13222637
-2250725
-9536443
-8747958
-8349091
-10793150
-12631785
-9734861
-1725159
-8749763
-9214119
-14137825
-5461149
-10389435
-9346623
-5853599
-4405306
-13886919
-2368365
-8548270
-10910907
-15069176
-12697299
-13483233
-7630004
-3287639
-12829657
-10717643
-15003324
-8746938
-15726330
-9735131
-3025724
-11317970
-11969492
-9472451
-7695029
-9003157
-9198723
-8679324
-4349127
-3944242
-7100329
-8818065
-3889527
-6771879
-7497394
-10780327
-2511548
-15197671
-12628638
-10189753
-11375547
-11514835
-14273999
-15462123
-10002385
-14869223
-3223708
-7298981
-6709455
-1653826
-7036573
-14011339
-9146541
-16183545
-11578819
-1909826
-4342356
-5656153
-13417438
-15522530
-2039857
-15591411
-15327211
-12040149
-11181294
-14343665
-13157844
-15329011
-14276076
-6381926
-13354209
-14010086
-14081773
-13022436
-11184328
-1184037
-13746917
-4933986
-857122
-14925559
-3684681
-15192805
-4802382
-14538473
-13090786
-14277606
-4014180
-4867406
-16314873
-13289457
-11838415
-15463162
-10196926
-3356223
-11447490
-10459067
-14408689
-14670057
-13816308
-13287650
-14078440
-14340830
-12886981
-14080491
-10064842
-1779010
-15326711
-3290419
-14802928
-8032398
-13023452
-14406387
-3358027
-3291732
-8939928
-8810651
-14671597
-2763313
-6906997
-8094115
-13751514
-10194866
-14801645
-8420535
-9998754
-13953772
-10200481
-6052445
-9222322
-12235206
-3492927
-10075317
-5026683
-13090518
-16121081
-13358055
-12570857
-14534891
-16186363
-15460084
-8556231
-12435666
-15528182
-12106193
-16052985
-7300500
-11112658
-13678835
-11315907
-14016732
-10261412
-12565211
-14801641
-8550809
-8289435
-8221327
-9080746
-8030887
-10001350
-6842742
-6188151
-14604776
-16382714
-9990829
-7823556
-7762868
-13881833
-11705300
-11771327
-7569811
-9319849
-15003622
-8482965
-15988217
-7039660
-8097440
-13290987
-9210302
-9407145
-14405876
-7762312
-11770825
-7171476
-7762841
-6842033
-9672617
-10265043
-10128827
-15856887
-12697799
-9871057
-8412825
-7171476
-13223640
-13947617
-13815518
-13420763
-13025753
-14803947
-13552345
-5197399
-15131887
-13289432
-12302281
-13881311
-13552861
-10854581
-14605286
-13683675
-5262421
-15197680
-3617593
-14539246
-13685470
-4933713
-11973316
-14144740
-15197682
-14473199
-3420733
-12499919
-12762850
-13882083
-14013417
-14671337
-15724276
-15000046
-4933710
-14737899
-4406600
-4473422
-11972026
-5262428
-14209765
-12234424
-9473691
-14933225
-13418448
-12959701
-10920631
-13881571
-10197165
-14868973
-9604252
-14668258
-14402759
-5923131
-13682132
-10192040
-14536166
-12960713
-9004224
-13684200
-9994646
-6121016
-8818318
-14470389
-11835611
-10334084
-8879274
-8294294
-11248866
-15660786
-16579323
-14143203
-11980407
-8298306
-8821390
-14603237
-14603500
-15786225
-11326864
-7961136
-14467550
-7961248
-13880803
-4671043
-6650193
-14075601
-12748515
-9204366
-16248814
-5793063
-14800874
-11309243
-11645106
-7640905
-10332299
-8413866
-10264656
-14342628
-7961381
-12890063
-13347028
-7894656
-13947877
-12828124
-14275048
-16185335
-5064281
-7498556
-15919345
-15197680
-13880306
-2634023
-14470633
-12829647
-15789298
-1381408
-15127791
-15986929
-15651829
-16316408
-15196661
-14076399
-13423338
-13817828
-14476012
-15657971
-1186611
-14801910
-13155271
-5591888
-14931442
-1513259
-15060982
-14605287
-1841707
-14274026
-14142448
-13617131
-14601453
-13948902
-14273779
-14806241
-15261688
-1054747
-15724020
-11973588
-13487321
-15193839
-15065574
-14142442
-11909855
-12106215
-9474494
-6444923
-9212617
-9540544
-12503785
-6642818
-8224689
-8816562
-12765677
-8949157
-9081529
-9868987
-10329280
-3946839
-5459826
-9605049
-10131913
-9934277
-11712476
-8487096
-9408699
-9341889
-11383773
-8356796
-6777227
-9016261
-12042214
-9604784
-11188179
-12174301
-12437476
-9145035
-8550840
-13291502
-5722739
-10065346
-12105957
-6050420
-4471919
-4276088
-9737152
-10001620
-9736135
-9868482
-8618157
-9278910
-6579077
-10659046
-3226853
-14471414
-14144755
-1787110
-11247841
-14206698
-1780455
-3229927
-4476395
-3818720
-12694780
-2704357
-6522616
-14073312
-1980112
-10392012
-2518238
-4021467
-14402542
-1780437
-10662078
-14070771
-2242269
-4213999
-2638043
-6128368
-11578067
-3031782
-6520809
-12562923
-2639316
-5006554
-3036644
-3230945
-1583591
-14472948
-14010872
-7760284
-5600751
-16317180
-2633958
-5400795
-1976029
-13813489
-5801191
-14075122
-12698332
-14012141
-14209770
-14007793
-13151717
-14273775
-13875685
-11177409
-3420852
-11901149
-11972542
-15450608
-3817693
-14011644
-10324167
-3748063
-8619503
-12166614
-12758490
-14142714
-4276807
-14997493
-15116250
-2698443
-14012389
-14601465
-12489914
-14865901
-9659577
-13483249
-12428222
-11902360
-14672112
-11310005
-14145773
-7432673
-11707822
-14800624
-15325176
-7036604
-3305185
-12696543
-14342883
-14146275
-3951833
-14538208
-14536690
-13746161
-7500275
-3555750
-15852542
-15329016
-6119995
-7363437
-14474218
-7311144
-15262962
-5853287
-12106417
-13686455
-14077144
-11046320
-6829101
-10784642
-8748960
-12632511
-14138610
-7165095
-6247251
-12501186
-10259328
-5470858
-8027272
-9601904
-8752247
-6440887
-13021650
-7960491
-13086431
-8425355
-7704432
-9089581
-13418699
-11311520
-9397329
-14540468
-8879779
-8880794
-10792054
-12696766
-9014902
-8356737
-8554377
-7635329
-9345654
-10723278
-12431821
-11115720
-12231369
-13219015
-14144742
-14797551
-15129578
-11770584
-8876981
-10256052
-10459558
-9600663
-8748439
-9995697
-11308486
-5589068
-10003400
-12963056
-11832017
-12757216
-14995958
-14341361
-13025760
-10719915
-12035744
-13811423
-10261166
-13348590
-10060748
-15263694
-7695793
-10326181
-16048114
-14146537
-9468824
-11306919
-14144241
-14009818
-5853923
-13216211
-9997449
-11968469
-9670318
-5460309
-15519980
-14600162
-14470377
-11776240
-5236968
-5691627
-9937353
-6023648
-1954551
-5102819
-14269681
-3508376
-8416645
-14854856
-9742001
-4904429
-14140393
-2741743
-6902918
-7760536
-10059730
-3120584
-4386530
-1698528
-833210
-3784642
-1896677
-3323867
-3339255
-7232433
-2464726
-9673178
-11445987
-8345208
-12501750
-7044522
-9153158
-3983588
-3265495
-5137298
-1619942
-1428467
-2354171
-6510516
-9009376
-4341949
-14210554
-9734863
-12628202
-2906091
-15656955
-15458811
-14799355
-15065084
-3696621
-14733820
-14932475
-14801914
-10985707
-15065851
-13680119
-5137903
-12496116
-13550329
-15064317
-15130363
-14800888
-12955639
-14074871
-10323415
-4017117
-15128571
-14535675
-12299243
-2307790
-13813477
-7502570
-3159746
-1190885
-1320399
-2962624
-4936925
-14462961
-2773983
-3028960
-2437581
-9084109
-13490164
-8883068
-6916231
-8156013
-11566037
-11384724
-14274186
-7236250
-10978502
-13223901
-9011325
-7105906
-8812721
-9545077
-11119049
-10195077
-7626419
-7889560
-10513850
-4799546
-7695165
-9674353
-8880521
-9339244
-8221336
-9407141
-1649241
-13744610
-1976874
-11115460
-12499360
-16579834
-13484497
-6505073
-13158040
-10853553
-11976349
-10655560
-15854830
-15725303
-16180207
-2039328
-8487073
-13285346
-3884095
-7235974
-14737139
-8557444
-14342885
-7629472
-5987936
-8028530
-10732933
-3947327
-4934228
-8431952
-7701367
-13293795
-15526638
-8883086
-12492266
-8429373
-10587033
-12099523
-2969665
-7760046
-7700622
-7246662
-4311361
-2924074
-12359403
-10346587
-10871389
-13481431
-13941981
-2706753
-4810598
-3760712
-3103051
-5462599
-16710395
-16579325
-13288931
-13479128
-14074869
-12955378
-11437270
-1854952
-14863849
-1845976
-2182369
-10919385
-3361246
-10460586
-6783733
-11048643
-14868723
-15920381
-12556520
-13420528
-15261426
-13946601
-10456259
-11115730
-15918578
-14147061
-3363289
-14869998
-10129540
-12628954
-14470636
-10525400
-12959220
-13415923
-10000836
-14206199
-14998260
-14803708
-11314151
-13420780
-14796272
-15259643
-14604027
-14345452
-9077912
-13027282
-10261144
-5398670
-7311253
-10195378
-12628191
-12034241
-15454447
-9929644
-13409003
-9607323
-13679078
-14400496
-11245518
-13487853
-10587317
-9084589
-15059682
-11446973
-12755164
-9337778
-15457006
-13019883
-16184312
-9607313
-11114695
-10989261
-13680111
-15388409
-15382768
-11832009
-8426162
-14931191
-10388098
-16311547
-10848685
-15653878
-11380393
-10521533
-3106102
-14528488
-5856612
-14011872
-12230606
-4861783
-2305053
-2902314
-3294002
-15262961
-13682912
-5398101
-15459823
-4877935
-3691841
-13878751
-15062005
-4608340
-9153160
-12896211
-3958865
-3620420
-14280168
-14209256
-4474432
-1784870
-13494522
-2967876
-13744622
-4542016
-15983351
-5332816
-2112812
-5206109
-4095825
-6321500
-13288917
-10259382
-1197098
-14934765
-15986684
-10262227
-8545608
-14740476
-12100025
-15922938
-10853558
-15657971
-15791611
-13816544
-13027047
-15463929
-15921390
-6976422
-7630219
-8881331
-9872587
-14804220
-10200269
-14146811
-16317694
-9614811
-6462646
-15463163
-10006974
-13752056
-14740986
-10653892
-14279158
-9868473
-13422066
-9805223
-8819428
-9606615
-8485289
-14998756
-5929899
-3760015
-15396347
-14273264
-11571640
-13227246
-7745206
-12687326
-14459864
-13476832
-7973576
-15793405
-15068146
-6586284
-14012149
-5199279
-10391235
-13274804
-15595253
-10062827
-2759835
-13017065
-12958421
-15988477
-4511928
-16119294
-12232647
-13624827
-13953780
-15330802
-5821392
-4383699
-9073901
-15922427
-6906016
-9267412
-7714262
-2963272
-9393535
-9867459
-9145504
-5269934
-6645636
-4244953
-10059748
-3565533
-3695577
-12233697
-10525407
-11311308
-13948147
-9674723
-9345769
-8024256
-8543420
-7701702
-8098506
-11055591
-8556512
-9539048
-10260180
-9610986
-7109570
-9271504
-8554195
-11641053
-10592744
-4515550
-2708183
-7629755
-9797850
-8687313
-11909616
-3663829
-2715627
-10915012
-12827596
-9940958
-11563360
-10933733
-14536660
-5043699
-13221367
-13754854
-6064220
-2150900
-7961473
-3946807
-2197886
-8170665
-14933227
-263435
-15989757
-15394038
-11254997
-3042636
-14930643
-7503476
-10808559
-7976111
-4152688
-14607328
-6582697
-2570300
-2772051
-11778242
-5061463
-2552266
-14141651
-13814487
-592655
-15459832
-15327730
-15660020
-332580
-14212327
-5607536
-16382719
-2501169
-14275299
-6743244
-658960
-678428
-4144201
-3947591
-1607485
-15000819
-12764633
-13341159
-11189207
-8288172
-5929282
-1819990
-4378476
-2605914
-7333586
-14272229
-3442000
-6142622
-6343285
-4218683
-6347181
-1496637
-3913340
-13158625
-3187286
-1608765
-10335934
-6603409
-14009826
-12107725
-4755051
-4287306
-13156828
-12826330
-12823005
-12826065
-15127796
-3301685
-11380650
-10591901
-10916039
-15789551
-9342117
-11441031
-13879249
-10066347
-11376863
-7365007
-8817542
-8487828
-9474981
-11052466
-8622511
-8811136
-11711672
-10396558
-9667995
-9342860
-8949892
-10978951
-9803936
-9869204
-8422531
-7108947
-13548781
-9601442
-10061222
-10329529
-12038856
-8946585
-8818056
-9212065
-8156841
-7432559
-10920125
-10724291
-9272241
-10266302
-15199974
-12309469
-10521790
-14273247
-14142702
-1452327
-10864860
-13685980
-14799596
-14537452
-12170720
-9077651
-4488788
-6378646
-14665934
-15065842
-13159359
-14870259
-13817816
-5861218
-9353391
-13555949
-9216675
-10990769
-7564448
-15262450
-8346289
-9463996
-9408691
-10390956
-9411279
-11061982
-13214939
-9927631
-15721717
-4292922
-4409178
-8175960
-14147563
-4609070
-14016487
-13617895
-11845073
-9743764
-13090285
-4737109
-11194530
-12962768
-15059442
-8295277
-10463706
-8291223
-13089250
-13683927
-9021830
-10409106
-15263725
-14470890
-14211555
-10198994
-10789312
-13755378
-10000549
-11652469
-14472408
-14150129
-9937083
-11120314
-15394287
-13488080
-6783376
-14210791
-7041908
-9277859
-15328751
-13226202
-7770537
-12106687
-9146302
-12164800
-9207956
-12960918
-9800309
-14667754
-13418960
-8420996
-9665441
-9796499
-8287885
-11511195
-10528413
-11118259
-10391734
-10188216
-12563914
-9401780
-13153263
-13750498
-7890323
-9670043
-9802378
-10258876
-10261630
-9605538
-14864355
-8945828
-14797303
-10139835
-10257058
-8812418
-9404287
-6511460
-12430049
-12104649
-3956502
-13031368
-7371056
-7826612
-9609880
-3507489
-11775700
-8698260
-16119792
-6126621
-14871275
-6057544
-12906223
-12894917
-9606797
-12763598
-9404847
-13947620
-6722377
-3374886
-6651197
-11386815
-7118650
-5980478
-5060005
-5074989
-6917154
-15522534
-7777849
-8232807
-9617015
-13689565
-13558744
-5005659
-5011562
-14737122
-1721150
-3435840
-7314342
-9213384
-11517394
-11972835
-6048547
-8812738
-11256816
-6075098
-8032691
-8293574
-7516124
-15062755
-8889291
-8096924
-9875157
-8100532
-13291760
-13930299
-9016005
-15065322
-13029879
-4805465
-7960552
-14471410
-11125224
-8488348
-12957866
-10000329
-12763361
-6060447
-11652573
-8090797
-9352650
-7110028
-13748976
-9675193
-12357825
-14730191
-13816293
-4539719
-3684412
-8816019
-2695976
-5526883
-3158070
-3815743
-15132901
-4671563
-3421493
-15987442
-9474223
-2697777
-2564905
-7100767
-4600882
-13550815
-5527903
-15790842
-14539249
-15922165
-2631722
-5260875
-1776673
-3026737
-8422286
-16448251
-16250873
-15064813
-15657458
-2500138
-15263984
-6974579
-1776155
-12831722
-13158894
-8752581
-10528465
-10133977
-10725858
-12237543
-11118040
-10591692
-11644630
-10198474
-11052501
-10856145
-10000583
-7962045
-13157094
-15131891
-15593206
-12892395
-13420278
-11248085
-14737901
-9606883
-11314663
-13750751
-12041944
-10066402
-11973873
-13487096
-9937872
-13750007
-12170992
-12435190
-13820659
-10661069
-9673406
-10133703
-10202559
-8488652
-12238301
-12502228
-9674429
-10197193
-9741230
-10135719
-10331584
-10724548
-12106459
-9805749
-9672109
-1808077
-14409704
-9479845
-14805225
-9941434
-13031390
-14079459
-8624022
-12175822
-11976129
-9742503
-9149595
-9018522
-14144737
-9942212
-10461357
-6917849
-5614494
-13222875
-7038575
-7301747
-14209763
-7571865
-9356196
-6994331
-9356196
-10585264
-8882127
-13013474
-4151657
-8422795
-13423587
-14472423
-7243407
-7115370
-13026030
-8691578
-6327962
-9347475
-6918767
-2444867
-5659755
-12565456
-9014179
-7313781
-8755062
-13085913
-16053496
-12433614
-9535120
-14472432
-11505099
-4496724
-6245171
-8420529
-5343580
-5155445
-6919077
-15790066
-14137032
-14338024
-13884901
-9005767
-12835296
-11255239
-12957935
-14926305
-7830146
-3488347
-12896738
-9999786
-14865636
-5538673
-13616857
-7705476
-14472422
-12568256
-9012882
-5494911
-13027314
-13027019
-3177779
-15326189
-8755346
-8626068
-8479301
-15791862
-1936431
-5860997
-6453101
-14002666
-8624537
-4903066
-3823429
-14011113
-8490154
-15258335
-3622708
-13814750
-13680601
-9281921
-12232904
-15527918
-8816816
-8547790
-3778117
-10999502
-5613684
-15725302
-8356764
-7763585
-14867688
-13681907
-7770751
-1874997
-6714747
-7512706
-8487348
-8758442
-14405090
-8032679
-6782072
-3679135
-5261658
-8298419
-4544821
-13742040
-14078176
-7835579
-8619660
-5732217
-6782867
-7449978
-7438744
-12762071
-14868216
-12434657
-11001814
-2374695
-6652023
-11773386
-11642564
-9994104
-8168597
-8099462
-15330804
-8289978
-6996856
-7173008
-14801121
-5930628
-3245643
-6791556
-2574123
-7642003
-1939242
-7439735
-12236751
-13746143
-10858692
-3039034
-15265020
-15659255
-4143168
-12700152
-8038845
-7956889
-5091197
-9342907
-9608884
-6931334
-3050305
-14540524
-11522249
-14934760
-14860503
-13947622
-12830425
-9743006
-14735085
-10084820
-6585221
-3272389
-1746499
-4059295
-3061851
-13354723
-15788024
-7178471
-5958289
-8969872
-4745679
-8296624
-3946853
-4277362
-3027033
-2067584
-2981410
-2471527
-14204392
-4580819
-5432786
-2383153
-5292162
-7116940
-13286615
-2381761
-10664391
-12436714
-2085303
-13157868
-884264
-5958326
-13227248
-756529
-3714627
-8031878
-5347718
-4111439
-13422571
-3382596
-10668007
-11774177
-13032405
-12170963
-1283767
-2844369
-13559541
-2469295
-1927487
-13291740
-1485936
-6071368
-4616249
-12961501
-9690037
-10645583
-4756019
-7135635
-5299599
-10270144
-6126747
-5402757
-9626519
-2749340
-12697798
-15333620
-9225648
-13286647
-4803248
-3388517
-6061744
-1739554
-15130877
-12697302
-6590428
-12165090
-14279411
-2183290
-9358495
-6343791
-6484671
-1959015
-7624830
-3701584
-4205866
-3616068
-13885678
-3656805
-5039778
-2644284
-2468448
-1920834
-5633497
-9544911
-5109443
-1852984
-7194939
-1999419
-5865570
-14214638
-2803582
-5893815
-3138984
-2103070
-4126397
-3812923
-1732494
-9076888
-4547993
-6283890
-16182767
-11787474
-14805994
-6742127
-14346746
-7855013
-6009765
-942886
-4548808
-6657237
-3603142
-7329392
-2104615
-3662718
-4706686
-1932986
-4114797
-3722868
-15462645
-4078611
-15044808
-2175284
-13488358
-5356742
-4249798
-9344144
-7925488
-5092522
-13359855
-13620445
-559764
-10665676
-12900578
-8621216
-1217180
-14934008
-11969738
-1554088
-4451014
-14867431
-4250512
-12303573
-7959159
-13950441
-4868697
-15135737
-13684706
-15065328
-1422195
-13550570
-6524814
-13749480
-14801633
-6092016
-1680266
-2258262
-1980208
-12500448
-4608332
-14736091
-14143201
-13358573
-14017009
-6709350
-14147302
-4174746
-6285272
-7727849
-14734063
-2276957
-13882347
-2605244
-4160648
-1853505
-6977931
-13161163
-10590108
-2997945
-14868455
-3025203
-13423072
-13024986
-2304301
-13952238
-4156008
-5957352
-14209518
-3949629
-15326700
-4450194
-15458034
-14474726
-15921142
-14801646
-15394544
-4277065
-2214305
-15397625
-14866678
-888994
-10796235
-14410737
-6990759
-10991828
-10653873
-15000292
-4935840
-14336473
-10119871
-1775635
-4540536
-12431824
-7117747
-14737895
-14341104
-9212853
-5132670
-6716104
-1668965
-10327488
-8616346
-5274305
-15595260
-4764870
-11511766
-11247065
-7315867
-12244203
-9539273
-11836114
-7367842
-13090537
-13751519
-9809335
-7829144
-11771596
-9892347
-10669293
-12818158
-7763928
-9874903
-12695790
-6601423
-7917512
-7504576
-5101474
-15461625
-8485799
-5218257
-4670276
-12699897
-10252335
-6202812
-2323916
-4964784
-12626144
-9867440
-14006773
-12501716
-6448496
-13024217
-6928558
-15528697
-7830203
-12036336
-4080958
-9464999
-12823268
-8227211
-6518137
-6645370
-5734018
-7117244
-6978966
-10468065
-12364537
-15786482
-6324809
-4159250
-16249593
-10977457
-5010712
-14473456
-13746159
-10053510
-5333275
-5531674
-3557135
-9668275
-7110441
-13617634
-7838763
-15124716
-6065953
-15790834
-14079730
-3630362
-13218515
-5187352
-10196382
-14801126
-14078159
-6190879
-9868198
-14012643
-3813691
-13150926
-14009561
-6129214
-5606181
-7107999
-7041946
-1857859
-15523569
-3038008
-13355744
-13287917
-15854070
-2777374
-2970676
-5998382
-12627914
-10194589
-10258848
-14404585
-10661583
-4746521
-13157094
-8554375
-16044024
-5525537
-9148980
-12959951
-13681122
-14737134
-11382453
-9470876
-15659761
-13562867
-4216373
-14013646
-13815767
-8676260
-2641940
-2838549
-14537952
-15393516
-11505877
-5595719
-13947102
-15458292
-10853333
-14343141
-14605289
-13682388
-13548494
-13551319
-1336389
-6329242
-6382446
-8818600
-12244960
-12637683
-13673167
-11909087
-9486049
-11850716
-13159659
-14541040
-15525108
-9999808
-11768278
-14741755
-6152666
-13759214
-8491709
-1732500
-13885423
-9086926
-11912416
-2829878
-4830636
-7047837
-13418457
-8351375
-15067901
-14737659
-1936533
-11593207
-8375270
-7049140
-6519453
-6059185
-8294332
-8751758
-7634838
-9799368
-1604493
-2266014
-10327009
-6914473
-2135907
-11509481
-10799587
-14807539
-10595036
-14010869
-13420004
-8751543
-3127480
-2970254
-5996731
-8621037
-4741990
-10260668
-14077408
-13816298
-1119167
-7177876
-4086161
-1926556
-7115982
-2720653
-12363752
-5135804
-8970468
-12108271
-6716332
-5151710
-7698359
-9866680
-1685677
-4874173
-12767990
-11303620
-9658547
-8227541
-9202901
-13615339
-7890597
-3888095
-2318225
-12903924
-9804979
-8035502
-10783164
-14737131
-8758736
-12379127
-13480922
-2335141
-9009890
-1609896
-11377603
-12897256
-6969252
-9465802
-9608389
-9988316
-15658740
-14213364
-10852306
-5758192
-10395059
-12962534
-10730684
-11327466
-13083875
-13360621
-13421275
-13749987
-6931671
-15789307
-12494784
-1544619
-5470366
-1742768
-3195066
-3326390
-3985610
-1806504
-3327671
-14079720
-12621152
-11039288
-16119037
-15793151
-10334443
-2403791
-3262428
-2198658
-7661042
-12776439
-7462894
-12035802
-10659780
-10010826
-9932745
-8569308
-13889269
-7841735
-9812714
-5560788
-5364716
-5800860
-12896736
-6533568
-13357283
-3320741
-5756647
-5427937
-12897258
-8097218
-5823992
-1939599
-11049389
-9159884
-6924725
-1816251
-14476525
-11117774
-13949677
-12111590
-12636641
-3051197
-8421338
-8674977
-3511443
-5211353
-2195153
-8149417
-1994398
-3636646
-6201021
-9865967
-9996269
-10786512
-9801916
-8620765
-15461882
-6512543
-13753326
-15396343
-14868724
-8037844
-2179196
-13472754
-10314694
-10512076
-15726587
-7772359
-11179171
-14738415
-3106679
-7700410
-8618688
-8685260
-6405587
-13338345
-14339573
-12228249
-2389416
-4228784
-12296159
-13356518
-14342390
-14343414
-14344177
-15659770
-7635143
-13750778
-14474489
-7245255
-13350625
-5758410
-15127542
-2306718
-2511935
-14668015
-3751491
-4477266
-2305841
-6801586
-4343115
-5272429
-4747377
-6541251
-5468832
-10790878
-12238565
-2118758
-9216733
-5602684
-8498860
-1389089
-6912133
-7439263
-9739441
-12171216
-3499899
-11909582
-4620918
-5602171
-16053993
-16447978
-5652078
-12828123
-14210790
-10919850
-8878217
-8945818
-10789059
-9932712
-8023446
-13686000
-14207474
-9469866
-11515836
-11380917
-14073314
-15192551
-13746409
-9934746
-12048305
-3552051
-7762039
-6711938
-2498610
-2167573
-5593201
-2760727
-14214393
-14597575
-13419493
-12827610
-15396086
-3521492
-11973844
-9996689
-15527160
-15526903
-14146792
-1051408
-10192319
-12300748
-14935794
-13091557
-8626326
-12697037
-8424073
-14406896
-15923196
-12894961
-10455737
-15788280
-14726385
-14206192
-8618920
-13944293
-13747947
-7760473
-7501690
-10987694
-9407151
-9935530
-9801390
-13681131
-9736615
-12893426
-9278858
-10393551
-4343116
-14996982
-16053496
-7372965
-10464181
-15855862
-12296116
-14404081
-9011105
-7372159
-3224628
-15718647
-3029049
-13480413
-13020632
-12038074
-15001579
-13218015
-14207715
-14669030
-15131117
-14339814
-12037323
-4021581
-16381691
-5995630
-12695482
-4414539
-6592146
-3491127
-4351830
-2110246
-15062236
-7505844
-12560594
-15850985
-14935541
-15918584
-15852014
-2565678
-15923444
-7172739
-14008309
-15724534
